top:8900.000000
low:8400.000000
